,Total CPI-Adjusted Cost (Millions of Dollars)_x,Deaths,number_of_days,Inflation rate value,Drought,Flooding,Freeze,Severe Storm,Tropical Cyclone,Wildfire,Winter Storm
0,2678.6,7,7,82383.33333333334,0,1,0,0,0,0,0
1,2177.2,13,4,82383.33333333334,0,0,0,0,1,0,0
2,39579.0,1260,182,82383.33333333334,1,0,0,0,0,0,0
3,2019.2,0,2,90933.33333333331,0,0,1,0,0,0,0
4,1372.9,20,5,90933.33333333331,0,0,0,1,0,0,0
5,2158.1,85,8,96533.33333333336,0,0,0,0,0,0,1
6,1565.6,33,2,96533.33333333336,0,0,0,1,0,0,0
7,1540.5,30,10,96533.33333333336,0,0,0,1,0,0,0
8,4807.9,45,45,96533.33333333336,0,1,0,0,0,0,0
9,4693.8,50,108,96533.33333333336,0,1,0,0,0,0,0
10,9180.0,21,3,99583.33333333331,0,0,0,0,1,0,0
11,9307.3,0,91,99583.33333333331,1,0,0,0,0,0,0
12,1220.0,14,4,99583.33333333331,0,1,0,0,0,0,0
13,6298.3,151,10,99583.33333333331,0,0,1,0,0,0,0
14,1803.7,80,11,103933.33333333334,0,0,0,1,0,0,0
15,1320.8,1,4,103933.33333333334,0,0,0,1,0,0,0
16,2435.8,150,3,107600.0,0,0,0,0,0,0,1
17,3492.0,0,2,107600.0,0,0,1,0,0,0,0
18,1710.1,89,0,107600.0,0,0,0,1,0,0,0
19,3684.6,4,4,107600.0,0,0,0,0,1,0,0
20,2431.5,11,2,107600.0,0,0,0,0,1,0,0
21,4220.7,63,4,107600.0,0,0,0,0,1,0,0
22,3948.0,62,5,107600.0,0,1,0,0,0,0,0
23,1488.8,13,2,109691.66666666669,0,0,0,1,0,0,0
24,5050.2,100,91,109691.66666666669,1,0,0,0,0,0,0
25,1116.0,10,2,109691.66666666669,0,1,0,0,0,0,0
26,53010.4,454,91,118275.0,1,0,0,0,0,0,0
27,1367.6,21,5,123941.66666666669,0,0,0,1,0,0,0
28,1445.0,11,2,123941.66666666669,0,0,0,0,1,0,0
29,22139.8,86,1,123941.66666666669,0,0,0,0,1,0,0
30,7628.1,0,182,123941.66666666669,1,0,0,0,0,0,0
31,5080.0,10,2,123941.66666666669,0,0,1,0,0,0,0
32,1652.7,100,5,123941.66666666669,0,0,0,0,0,0,1
33,2396.3,13,8,130658.33333333331,0,1,0,0,0,0,0
34,1927.1,0,0,130658.33333333331,0,0,0,1,0,0,0
35,1666.1,17,91,130658.33333333331,0,0,0,0,0,1,0
36,8194.0,0,7,130658.33333333331,0,0,1,0,0,0,0
37,1464.0,0,3,136166.66666666666,0,0,0,1,0,0,0
38,3381.6,18,2,136166.66666666666,0,0,0,0,1,0,0
39,6859.4,0,183,136166.66666666666,1,0,0,0,0,0,0
40,7359.0,25,30,136166.66666666666,0,0,0,0,0,1,0
41,1769.5,0,1,140308.3333333333,0,0,0,1,0,0,0
42,2099.7,0,1,140308.3333333333,0,0,0,1,0,0,0
43,1638.1,0,1,140308.3333333333,0,0,0,1,0,0,0
44,58860.0,61,4,140308.3333333333,0,0,0,0,1,0,0
45,6727.0,7,1,140308.3333333333,0,0,0,0,1,0,0
46,1418.9,26,2,140308.3333333333,0,0,0,1,0,0,0
47,5363.3,19,3,140308.3333333333,0,0,0,0,0,0,1
48,11883.3,270,3,144475.0,0,0,0,0,0,0,1
49,1371.7,1,2,144475.0,0,0,0,1,0,0,0
50,45065.9,48,49,144475.0,0,1,0,0,0,0,0
51,2704.8,16,91,144475.0,1,0,0,0,0,0,0
52,2907.6,4,90,144475.0,0,0,0,0,0,1,0
53,2184.5,70,3,148225.0,0,0,0,0,0,0,1
54,6264.7,9,5,148225.0,0,0,0,0,0,0,1
55,2048.9,3,2,148225.0,0,0,0,1,0,0,0
56,2066.9,32,3,148225.0,0,0,0,0,1,0,0
57,2050.0,19,9,148225.0,0,1,0,0,0,0,0
58,1500.9,0,182,148225.0,0,0,0,0,0,1,0
59,5100.0,27,89,152383.33333333334,0,1,0,0,0,0,0
60,1161.5,0,0,152383.33333333334,0,0,0,1,0,0,0
61,11082.7,32,2,152383.33333333334,0,0,0,1,0,0,0
62,1708.5,6,6,152383.33333333334,0,0,0,0,1,0,0
63,4200.0,13,2,152383.33333333334,0,0,0,0,1,0,0
64,1968.0,872,91,152383.33333333334,1,0,0,0,0,0,0
65,9378.0,27,2,152383.33333333334,0,0,0,0,1,0,0
66,5976.1,187,30,156858.3333333333,0,0,0,0,0,0,1
67,2006.5,9,5,156858.3333333333,0,1,0,0,0,0,0
68,3565.0,0,183,156858.3333333333,1,0,0,0,0,0,0
69,9763.8,37,3,156858.3333333333,0,0,0,0,1,0,0
70,1318.3,1,3,156858.3333333333,0,1,0,0,0,0,0
71,5822.8,36,10,160525.0,0,1,0,0,0,0,0
72,1877.0,67,5,160525.0,0,0,0,1,0,0,0
73,7058.8,11,110,160525.0,0,1,0,0,0,0,0
74,1908.5,132,89,160525.0,0,0,0,1,0,0,0
75,2663.4,16,4,163008.33333333334,0,0,0,0,0,0,1
76,3083.1,1,0,163008.33333333334,0,0,0,1,0,0,0
77,2151.7,20,3,163008.33333333334,0,0,0,1,0,0,0
78,1680.7,12,4,163008.33333333334,0,0,0,1,0,0,0
79,1316.0,2,5,163008.33333333334,0,0,0,0,1,0,0
80,1842.4,3,2,163008.33333333334,0,0,0,0,1,0,0
81,6703.3,200,91,163008.33333333334,1,0,0,0,0,0,0
82,11250.9,16,9,163008.33333333334,0,0,0,0,1,0,0
83,1761.7,31,8,163008.33333333334,0,1,0,0,0,0,0
84,4750.0,0,8,163008.33333333334,0,0,1,0,0,0,0
85,1930.6,25,3,166583.3333333333,0,0,0,0,0,0,1
86,1649.4,0,3,166583.3333333333,0,0,0,0,0,0,1
87,3722.6,55,3,166583.3333333333,0,0,0,1,0,0,0
88,4673.1,502,91,166583.3333333333,1,0,0,0,0,0,0
89,11878.5,77,2,166583.3333333333,0,0,0,0,1,0,0
90,1284.9,4,3,172191.6666666667,0,0,0,0,0,0,1
91,1235.1,0,1,172191.6666666667,0,0,0,1,0,0,0
92,1924.4,0,183,172191.6666666667,0,0,0,0,0,1,0
93,1584.0,3,1,172191.6666666667,0,1,0,0,0,0,0
94,9094.9,140,274,172191.6666666667,1,0,0,0,0,0,0
95,5385.2,3,5,177041.66666666666,0,0,0,1,0,0,0
96,1167.6,0,1,177041.66666666666,0,0,0,1,0,0,0
97,14743.1,43,12,177041.66666666666,0,0,0,0,1,0,0
98,3580.3,7,1,179866.6666666667,0,0,0,1,0,0,0
99,1877.7,2,4,179866.6666666667,0,0,0,0,1,0,0
100,1955.0,5,2,179866.6666666667,0,0,0,0,1,0,0
101,1216.9,28,2,179866.6666666667,0,0,0,1,0,0,0
102,2248.8,21,90,179866.6666666667,0,0,0,0,0,1,0
103,15581.1,0,274,179866.6666666667,1,0,0,0,0,0,0
104,3350.5,3,3,184000.0,0,0,0,1,0,0,0
105,6894.4,51,7,184000.0,0,0,0,1,0,0,0
106,1433.0,7,5,184000.0,0,0,0,1,0,0,0
107,1683.8,7,2,184000.0,0,0,0,1,0,0,0
108,9103.5,55,1,184000.0,0,0,0,0,1,0,0
109,8480.1,35,274,184000.0,1,0,0,0,0,0,0
110,6458.1,22,90,184000.0,0,0,0,0,0,1,0
111,1642.7,4,6,188908.3333333333,0,0,0,1,0,0,0
112,1125.9,0,1,188908.3333333333,0,0,0,1,0,0,0
113,25919.2,35,1,188908.3333333333,0,0,0,0,1,0,0
114,15876.0,48,6,188908.3333333333,0,0,0,0,1,0,0
115,33211.0,57,9,188908.3333333333,0,0,0,0,1,0,0
116,12144.6,28,14,188908.3333333333,0,0,0,0,1,0,0
117,1375.4,0,3,195266.66666666663,0,0,0,1,0,0,0
118,3917.1,15,2,195266.66666666663,0,0,0,0,1,0,0
119,195046.1,1833,5,195266.66666666663,0,0,0,0,1,0,0
120,2374.6,0,183,195266.66666666663,1,0,0,0,0,0,0
121,28490.1,119,4,195266.66666666663,0,0,0,0,1,0,0
122,29260.0,35,0,195266.66666666663,0,0,0,0,1,0,0
123,2059.9,10,5,201558.33333333337,0,0,0,1,0,0,0
124,2437.8,10,2,201558.33333333337,0,0,0,1,0,0,0
125,3683.8,27,3,201558.33333333337,0,0,0,1,0,0,0
126,2297.7,20,3,201558.33333333337,0,1,0,0,0,0,0
127,1146.2,1,1,201558.33333333337,0,0,0,1,0,0,0
128,9296.7,0,183,201558.33333333337,1,0,0,0,0,0,0
129,1336.1,1,3,201558.33333333337,0,0,0,1,0,0,0
130,2273.8,28,364,201558.33333333337,0,0,0,0,0,1,0
131,2128.0,1,6,207344.16666666663,0,0,1,0,0,0,0
132,3107.0,0,6,207344.16666666663,0,0,1,0,0,0,0
133,3736.7,9,4,207344.16666666663,0,0,0,1,0,0,0
134,4029.7,12,91,207344.16666666663,0,0,0,0,0,1,0
135,5378.0,15,182,207344.16666666663,1,0,0,0,0,0,0
136,1424.2,12,5,215254.25,0,0,0,1,0,0,0
137,1756.9,57,1,215254.25,0,0,0,1,0,0,0
138,1628.6,5,1,215254.25,0,0,0,1,0,0,0
139,1486.7,2,2,215254.25,0,0,0,1,0,0,0
140,4301.9,13,5,215254.25,0,0,0,1,0,0,0
141,2290.3,18,6,215254.25,0,0,0,1,0,0,0
142,14439.8,24,90,215254.25,0,1,0,0,0,0,0
143,1774.2,3,2,215254.25,0,0,0,0,1,0,0
144,8395.8,53,3,215254.25,0,0,0,0,1,0,0
145,41998.3,112,2,215254.25,0,0,0,0,1,0,0
146,1727.7,16,90,215254.25,0,0,0,0,0,1,0
147,10164.6,0,365,215254.25,1,0,0,0,0,0,0
148,2523.4,10,1,214564.6666666667,0,0,0,1,0,0,0
149,2362.3,0,3,214564.6666666667,0,0,0,1,0,0,0
150,2059.3,6,1,214564.6666666667,0,0,0,1,0,0,0
151,1239.8,7,2,214564.6666666667,0,0,0,1,0,0,0
152,1885.8,0,3,214564.6666666667,0,0,0,1,0,0,0
153,1430.0,0,0,214564.6666666667,0,0,0,1,0,0,0
154,1275.9,10,3,214564.6666666667,0,1,0,0,0,0,0
155,1436.8,10,182,214564.6666666667,0,0,0,0,0,1,0
156,5063.4,0,364,214564.6666666667,1,0,0,0,0,0,0
157,1160.2,3,2,218076.16666666672,0,0,0,0,0,0,1
158,2618.9,11,30,218076.16666666672,0,1,0,0,0,0,0
159,3218.0,32,2,218076.16666666672,0,1,0,0,0,0,0
160,4700.7,3,2,218076.16666666672,0,0,0,1,0,0,0
161,1270.5,2,5,218076.16666666672,0,0,0,1,0,0,0
162,1337.2,0,3,218076.16666666672,0,0,0,1,0,0,0
163,5320.0,0,1,218076.16666666672,0,0,0,1,0,0,0
164,2493.9,36,2,224923.0,0,0,0,0,0,0,1
165,3802.1,9,1,224923.0,0,0,0,1,0,0,0
166,2985.6,0,3,224923.0,0,0,0,1,0,0,0
167,2821.1,38,2,224923.0,0,0,0,1,0,0,0
168,1421.4,0,1,224923.0,0,0,0,1,0,0,0
169,14004.1,321,3,224923.0,0,0,0,1,0,0,0
170,12371.7,177,5,224923.0,0,0,0,1,0,0,0
171,4150.5,7,60,224923.0,0,1,0,0,0,0,0
172,2090.6,3,4,224923.0,0,0,0,1,0,0,0
173,2783.3,5,60,224923.0,0,1,0,0,0,0,0
174,1207.7,0,0,224923.0,0,0,0,1,0,0,0
175,1679.6,2,1,224923.0,0,0,0,1,0,0,0
176,1566.0,0,1,224923.0,0,0,0,1,0,0,0
177,18351.9,45,2,224923.0,0,0,0,0,1,0,0
178,16631.1,95,183,224923.0,1,0,0,0,0,0,0
179,3392.1,21,4,224923.0,0,0,0,0,1,0,0
180,1258.1,1,1,224923.0,0,0,0,0,0,0,1
181,2476.2,5,182,224923.0,0,0,0,0,0,1,0
182,4192.7,42,1,229586.08333333328,0,0,0,1,0,0,0
183,1350.3,0,1,229586.08333333328,0,0,0,1,0,0,0
184,1494.4,6,1,229586.08333333328,0,0,0,1,0,0,0
185,4357.4,1,3,229586.08333333328,0,0,0,1,0,0,0
186,3087.0,1,5,229586.08333333328,0,0,0,1,0,0,0
187,3481.0,0,6,229586.08333333328,0,0,0,1,0,0,0
188,3870.6,28,3,229586.08333333328,0,0,0,1,0,0,0
189,3675.4,9,5,229586.08333333328,0,0,0,0,1,0,0
190,86502.7,159,1,229586.08333333328,0,0,0,0,1,0,0
191,2329.6,8,182,229586.08333333328,0,0,0,0,0,1,0
192,40504.8,123,365,229586.08333333328,1,0,0,0,0,0,0
193,1217.0,1,1,232951.75,0,0,0,1,0,0,0
194,2666.5,1,0,232951.75,0,0,0,1,0,0,0
195,1906.1,1,4,232951.75,0,0,0,1,0,0,0
196,1421.6,4,3,232951.75,0,1,0,0,0,0,0
197,3168.4,27,4,232951.75,0,0,0,1,0,0,0
198,2393.8,10,4,232951.75,0,0,0,1,0,0,0
199,1365.0,0,1,232951.75,0,0,0,1,0,0,0
200,1976.1,9,6,232951.75,0,1,0,0,0,0,0
201,1439.7,8,0,232951.75,0,0,0,1,0,0,0
202,13866.6,53,274,232951.75,1,0,0,0,0,0,0
203,2846.4,16,3,236715.0,0,0,0,0,0,0,1
204,1851.3,0,1,236715.0,0,0,0,1,0,0,0
205,1193.4,0,1,236715.0,0,0,0,1,0,0,0
206,2257.2,33,4,236715.0,0,0,0,1,0,0,0
207,1100.4,0,4,236715.0,0,0,0,1,0,0,0
208,4790.1,0,5,236715.0,0,0,0,1,0,0,0
209,2475.8,2,2,236715.0,0,0,0,1,0,0,0
210,1330.9,2,2,236715.0,0,1,0,0,0,0,0
211,1806.5,0,3,236715.0,0,0,0,1,0,0,0
212,5176.8,0,364,236715.0,1,0,0,0,0,0,0
213,3880.2,30,6,237001.75,0,0,0,0,0,0,1
214,2022.1,2,2,237001.75,0,0,0,1,0,0,0
215,1669.1,0,2,237001.75,0,0,0,1,0,0,0
216,1227.2,3,1,237001.75,0,0,0,1,0,0,0
217,1640.9,4,4,237001.75,0,0,0,1,0,0,0
218,3275.4,31,3,237001.75,0,1,0,0,0,0,0
219,1511.8,1,4,237001.75,0,0,0,1,0,0,0
220,2577.7,25,4,237001.75,0,1,0,0,0,0,0
221,3906.1,12,182,237001.75,0,0,0,0,0,1,0
222,2550.4,50,3,237001.75,0,0,0,1,0,0,0
223,5850.6,0,364,237001.75,1,0,0,0,0,0,0
224,1341.6,10,2,240005.41666666663,0,0,0,1,0,0,0
225,2960.3,5,4,240005.41666666663,0,1,0,0,0,0,0
226,1561.3,1,1,240005.41666666663,0,0,0,1,0,0,0
227,2663.6,0,1,240005.41666666663,0,0,0,1,0,0,0
228,4478.2,0,2,240005.41666666663,0,0,0,1,0,0,0
229,3478.8,8,1,240005.41666666663,0,1,0,0,0,0,0
230,3064.9,6,6,240005.41666666663,0,0,0,1,0,0,0
231,2201.0,2,3,240005.41666666663,0,0,0,1,0,0,0
232,1467.2,0,5,240005.41666666663,0,0,0,1,0,0,0
233,1259.6,23,2,240005.41666666663,0,1,0,0,0,0,0
234,1876.0,0,2,240005.41666666663,0,0,0,1,0,0,0
235,13000.0,13,3,240005.41666666663,0,1,0,0,0,0,0
236,12700.0,49,4,240005.41666666663,0,0,0,0,1,0,0
237,4476.6,0,365,240005.41666666663,1,0,0,0,0,0,0
238,3041.8,21,213,240005.41666666663,0,0,0,0,0,1,0
239,1392.3,24,2,245121.0,0,0,0,1,0,0,0
240,1890.0,5,14,245121.0,0,1,0,0,0,0,0
241,2275.7,6,1,245121.0,0,0,0,1,0,0,0
242,2741.8,2,2,245121.0,0,0,0,1,0,0,0
243,1260.0,0,2,245121.0,0,0,1,0,0,0,0
244,3395.7,0,2,245121.0,0,0,0,1,0,0,0
245,1229.8,1,2,245121.0,0,0,0,1,0,0,0
246,1125.2,0,2,245121.0,0,0,0,1,0,0,0
247,2090.3,20,12,245121.0,0,1,0,0,0,0,0
248,4187.5,0,3,245121.0,0,0,0,1,0,0,0
249,1176.5,1,3,245121.0,0,0,0,1,0,0,0
250,2937.5,0,2,245121.0,0,0,0,1,0,0,0
251,1886.5,0,4,245121.0,0,0,0,1,0,0,0
252,1781.3,0,2,245121.0,0,0,0,1,0,0,0
253,155000.0,89,6,245121.0,0,0,0,0,1,0,0
254,62000.0,97,6,245121.0,0,0,0,0,1,0,0
255,111600.0,2981,2,245121.0,0,0,0,0,1,0,0
256,3150.0,0,305,245121.0,1,0,0,0,0,0,0
257,22506.3,54,213,245121.0,0,0,0,0,0,1,0
258,1293.4,22,2,251099.49999999997,0,0,0,0,0,0,1
259,2698.7,9,2,251099.49999999997,0,0,0,0,0,0,1
260,1786.1,0,3,251099.49999999997,0,0,0,1,0,0,0
261,1621.4,3,3,251099.49999999997,0,0,0,1,0,0,0
262,1710.0,0,3,251099.49999999997,0,0,0,1,0,0,0
263,1685.1,5,2,251099.49999999997,0,0,0,1,0,0,0
264,1586.0,0,0,251099.49999999997,0,0,0,1,0,0,0
265,1165.1,0,0,251099.49999999997,0,0,0,1,0,0,0
266,2712.1,0,1,251099.49999999997,0,0,0,1,0,0,0
267,1933.7,0,3,251099.49999999997,0,0,0,1,0,0,0
268,1038.2,0,3,251099.49999999997,0,0,0,1,0,0,0
269,1250.5,0,1,251099.49999999997,0,0,0,1,0,0,0
270,29280.0,53,3,251099.49999999997,0,0,0,0,1,0,0
271,30219.8,49,1,251099.49999999997,0,0,0,0,1,0,0
272,3707.6,0,212,251099.49999999997,1,0,0,0,0,0,0
273,29280.0,106,213,251099.49999999997,0,0,0,0,0,1,0
274,1497.4,2,2,255651.66666666663,0,0,0,1,0,0,0
275,1857.4,0,2,255651.66666666663,0,0,0,1,0,0,0
276,13087.0,3,17,255651.66666666663,0,1,0,0,0,0,0
277,1502.4,7,1,255651.66666666663,0,0,0,1,0,0,0
278,1816.8,0,6,255651.66666666663,0,0,0,1,0,0,0
279,1167.6,0,2,255651.66666666663,0,0,0,1,0,0,0
280,5517.6,3,3,255651.66666666663,0,0,0,1,0,0,0
281,3630.0,5,25,255651.66666666663,0,1,0,0,0,0,0
282,1209.6,0,1,255651.66666666663,0,0,0,1,0,0,0
283,7464.7,4,138,255651.66666666663,0,1,0,0,0,0,0
284,1932.0,10,9,255651.66666666663,0,0,0,0,1,0,0
285,6000.0,5,4,255651.66666666663,0,0,0,0,1,0,0
286,2044.4,2,0,255651.66666666663,0,0,0,1,0,0,0
287,5400.0,3,182,255651.66666666663,0,0,0,0,0,1,0
288,1367.6,10,2,258850.5833333333,0,0,0,1,0,0,0
289,1495.0,3,2,258850.5833333333,0,0,0,1,0,0,0
290,2779.9,25,2,258850.5833333333,0,0,0,1,0,0,0
291,3044.3,0,1,258850.5833333333,0,0,0,1,0,0,0
292,3457.2,0,1,258850.5833333333,0,0,0,1,0,0,0
293,4132.8,35,1,258850.5833333333,0,0,0,1,0,0,0
294,1620.0,3,2,258850.5833333333,0,0,0,1,0,0,0
295,1232.4,1,3,258850.5833333333,0,0,0,1,0,0,0
296,2535.6,2,2,258850.5833333333,0,0,0,1,0,0,0
297,1900.8,2,3,258850.5833333333,0,0,0,1,0,0,0
298,1680.0,0,0,258850.5833333333,0,0,0,1,0,0,0
299,1423.4,0,1,258850.5833333333,0,0,0,1,0,0,0
300,1268.5,0,1,258850.5833333333,0,0,0,0,1,0,0
301,5613.1,16,1,258850.5833333333,0,0,0,0,1,0,0
302,13122.2,4,0,258850.5833333333,0,0,0,1,0,0,0
303,27393.7,42,1,258850.5833333333,0,0,0,0,1,0,0
304,8583.2,5,2,258850.5833333333,0,0,0,0,1,0,0
305,3383.1,5,2,258850.5833333333,0,0,0,0,1,0,0
306,5135.3,6,1,258850.5833333333,0,0,0,0,1,0,0
307,1722.8,12,4,258850.5833333333,0,0,0,0,1,0,0
308,5304.1,45,212,258850.5833333333,1,0,0,0,0,0,0
309,19411.0,46,151,258850.5833333333,0,0,0,0,0,1,0
310,1281.2,2,5,270971.4166666667,0,1,0,0,0,0,0
311,26543.0,262,9,270971.4166666667,0,0,0,0,0,0,1
312,1945.4,6,1,270971.4166666667,0,0,0,1,0,0,0
313,1561.5,8,1,270971.4166666667,0,0,0,1,0,0,0
314,1711.0,0,3,270971.4166666667,0,0,0,1,0,0,0
315,3652.8,0,1,270971.4166666667,0,0,0,1,0,0,0
316,1441.0,4,2,270971.4166666667,0,0,0,1,0,0,0
317,1530.1,5,1,270971.4166666667,0,1,0,0,0,0,0
318,1929.2,0,1,270971.4166666667,0,0,0,1,0,0,0
319,1416.0,0,2,270971.4166666667,0,0,0,1,0,0,0
320,1358.6,1,2,270971.4166666667,0,0,0,0,1,0,0
321,1209.6,0,3,270971.4166666667,0,0,0,1,0,0,0
322,1438.1,2,3,270971.4166666667,0,0,0,1,0,0,0
323,1430.2,7,2,270971.4166666667,0,0,0,0,1,0,0
324,82400.7,96,3,270971.4166666667,0,0,0,0,1,0,0
325,1137.9,0,4,270971.4166666667,0,0,0,0,1,0,0
326,4306.5,93,0,270971.4166666667,0,0,0,1,0,0,0
327,1960.2,1,0,270971.4166666667,0,0,0,1,0,0,0
328,11752.1,8,213,270971.4166666667,0,0,0,0,0,1,0
329,9864.5,229,364,270971.4166666667,1,0,0,0,0,0,0
330,1088.6,0,1,292612.49999999994,0,0,0,1,0,0,0
331,1344.1,2,0,292612.49999999994,0,0,0,1,0,0,0
332,1501.9,3,2,292612.49999999994,0,0,0,1,0,0,0
333,2835.5,1,2,292612.49999999994,0,0,0,1,0,0,0
334,1196.1,1,2,292612.49999999994,0,0,0,1,0,0,0
335,2289.6,0,0,292612.49999999994,0,0,0,1,0,0,0
336,2868.3,1,1,292612.49999999994,0,0,0,1,0,0,0
337,2552.8,0,0,292612.49999999994,0,0,0,1,0,0,0
338,1987.4,0,1,292612.49999999994,0,0,0,1,0,0,0
339,3322.9,1,0,292612.49999999994,0,0,0,1,0,0,0
340,1393.6,1,2,292612.49999999994,0,0,0,1,0,0,0
341,1523.6,42,2,292612.49999999994,0,1,0,0,0,0,0
342,2610.4,25,1,292612.49999999994,0,0,0,0,1,0,0
343,116272.0,152,2,292612.49999999994,0,0,0,0,1,0,0
344,1050.6,5,1,292612.49999999994,0,0,0,0,1,0,0
345,3234.4,17,243,292612.49999999994,0,0,0,0,0,1,0
346,8698.6,87,5,292612.49999999994,0,0,0,0,0,0,1
347,22852.0,136,364,292612.49999999994,1,0,0,0,0,0,0
348,4635.0,22,83,292612.49999999994,0,1,0,0,0,0,0
349,1786.1,1,3,302340.83333333326,0,0,0,0,0,0,1
350,5993.5,13,1,302340.83333333326,0,0,0,1,0,0,0
351,2871.2,23,2,302340.83333333326,0,0,0,1,0,0,0
352,5740.4,33,1,302340.83333333326,0,0,0,1,0,0,0
353,2871.5,5,2,302340.83333333326,0,0,0,1,0,0,0
354,1111.0,0,1,302340.83333333326,0,1,0,0,0,0,0
355,1361.7,0,0,302340.83333333326,0,0,0,1,0,0,0
356,3019.2,1,1,302340.83333333326,0,0,0,1,0,0,0
357,1333.3,0,2,302340.83333333326,0,0,0,1,0,0,0
358,2158.6,1,2,302340.83333333326,0,0,0,1,0,0,0
359,3460.4,1,2,302340.83333333326,0,0,0,1,0,0,0
360,1641.3,0,1,302340.83333333326,0,0,0,1,0,0,0
361,4292.5,2,1,302340.83333333326,0,0,0,0,1,0,0
362,4072.6,0,3,302340.83333333326,0,0,0,1,0,0,0
363,3805.8,5,3,302340.83333333326,0,0,0,1,0,0,0
364,5296.5,8,5,302340.83333333326,0,0,0,1,0,0,0
365,1938.4,3,4,302340.83333333326,0,0,0,1,0,0,0
366,2187.1,10,6,302340.83333333326,0,1,0,0,0,0,0
367,1850.3,1,2,302340.83333333326,0,0,0,1,0,0,0
368,1496.8,2,1,302340.83333333326,0,0,0,1,0,0,0
369,5555.0,100,0,302340.83333333326,0,0,0,0,0,1,0
370,1647.6,4,3,302340.83333333326,0,0,0,1,0,0,0
371,1792.8,0,0,302340.83333333326,0,0,0,1,0,0,0
372,3490.6,5,2,302340.83333333326,0,0,0,0,1,0,0
373,1645.0,0,1,302340.83333333326,0,0,0,1,0,0,0
374,14517.0,247,182,302340.83333333326,1,0,0,0,0,0,0
375,1276.0,5,2,302340.83333333326,0,1,0,0,0,0,0
